Processing Images  ██████████████████████████████    492 /    492 (100.00%)     2.55 fps        
Saving data...
Calculating mAP...

       |  all  |  .50  |  .55  |  .60  |  .65  |  .70  |  .75  |  .80  |  .85  |  .90  |  .95  |
-------+-------+-------+-------+-------+-------+-------+-------+-------+-------+-------+-------+
   box | 24.89 | 42.23 | 39.18 | 35.94 | 32.17 | 28.12 | 24.80 | 21.01 | 16.38 |  8.13 |  0.96 |
  mask | 21.28 | 32.32 | 31.27 | 29.66 | 26.61 | 24.27 | 22.40 | 18.97 | 14.54 | 10.38 |  2.38 |
-------+-------+-------+-------+-------+-------+-------+-------+-------+-------+-------+-------+


       |  all  |  .50  |  .55  |  .60  |  .65  |  .70  |  .75  |  .80  |  .85  |  .90  |  .95  |
-------+-------+-------+-------+-------+-------+-------+-------+-------+-------+-------+-------+
   box | 37.51 | 62.62 | 58.73 | 54.15 | 48.88 | 43.91 | 37.64 | 31.07 | 23.86 | 12.79 |  1.41 |
  mask | 28.22 | 43.62 | 41.42 | 38.61 | 35.93 | 33.25 | 29.67 | 26.16 | 20.29 | 11.43 |  1.81 |
-------+-------+-------+-------+-------+-------+-------+-------+-------+-------+-------+-------+


       |  all  |  .50  |  .55  |  .60  |  .65  |  .70  |  .75  |  .80  |  .85  |  .90  |  .95  |
-------+-------+-------+-------+-------+-------+-------+-------+-------+-------+-------+-------+
   box |  4.48 | 14.71 | 10.97 |  8.24 |  5.55 |  3.09 |  1.69 |  0.45 |  0.14 |  0.01 |  0.00 |
  mask |  1.08 |  3.28 |  2.55 |  1.87 |  1.40 |  0.77 |  0.53 |  0.38 |  0.02 |  0.00 |  0.00 |
-------+-------+-------+-------+-------+-------+-------+-------+-------+-------+-------+-------+


       |  all  |  .50  |  .55  |  .60  |  .65  |  .70  |  .75  |  .80  |  .85  |  .90  |  .95  |
-------+-------+-------+-------+-------+-------+-------+-------+-------+-------+-------+-------+
   box | 29.10 | 44.55 | 42.13 | 40.67 | 37.00 | 34.16 | 31.33 | 25.92 | 23.41 |  9.39 |  2.48 |
  mask | 29.93 | 43.36 | 42.80 | 42.64 | 37.80 | 35.14 | 32.02 | 25.81 | 19.58 | 14.88 |  5.32 |
-------+-------+-------+-------+-------+-------+-------+-------+-------+-------+-------+-------+


       |  all  |  .50  |  .55  |  .60  |  .65  |  .70  |  .75  |  .80  |  .85  |  .90  |  .95  |
-------+-------+-------+-------+-------+-------+-------+-------+-------+-------+-------+-------+
   box | 45.29 | 64.62 | 64.62 | 60.87 | 59.00 | 53.12 | 50.52 | 46.64 | 34.17 | 18.41 |  0.91 |
  mask | 45.12 | 63.21 | 62.82 | 61.65 | 56.42 | 51.71 | 49.72 | 42.51 | 32.81 | 25.58 |  4.77 |
-------+-------+-------+-------+-------+-------+-------+-------+-------+-------+-------+-------+


       |  all  |  .50  |  .55  |  .60  |  .65  |  .70  |  .75  |  .80  |  .85  |  .90  |  .95  |
-------+-------+-------+-------+-------+-------+-------+-------+-------+-------+-------+-------+
   box |  8.09 | 24.67 | 19.44 | 15.81 | 10.41 |  6.35 |  2.84 |  0.99 |  0.33 |  0.05 |  0.00 |
  mask |  2.04 |  8.11 |  6.77 |  3.51 |  1.52 |  0.47 |  0.06 |  0.01 |  0.00 |  0.00 |  0.00 |
-------+-------+-------+-------+-------+-------+-------+-------+-------+-------+-------+-------+

kun@kun-g3:~/yolact-master$ cd /home/kun/yolact-master ; env PYTHONIOENCODING=UTF-8 PYTHONUNBUFFERED=1 /usr/local/bin/python3 /home/kun/.vscode/extensions/ms-python.python-2020.1.58038/pythonFiles/ptvsd_launcher.py --default --client --host localhost --port 40031 /home/kun/yolact-master/eval.py --config=yolact_base_cityscapes_config --trained_model=weights/yolact_base_cityscapes_256_95000.pth 
loading annotations into memory...
Done (t=0.71s)
creating index...
index created!
Loading model... Done.

Processing Images  █████████████████░░░░░░░░░░░░░   4273 /   7258 (58.87%)     4.23 fps        Warning: Augmentation output an example with no ground truth. Resampling...
Processing Images  █████████████████████░░░░░░░░░   5192 /   7258 (71.53%)     4.26 fps        Warning: Augmentation output an example with no ground truth. Resampling...
Processing Images  ██████████████████████████████   7258 /   7258 (100.00%)     4.23 fps        
Saving data...
Calculating mAP...

       |  all  |  .50  |  .55  |  .60  |  .65  |  .70  |  .75  |  .80  |  .85  |  .90  |  .95  |
-------+-------+-------+-------+-------+-------+-------+-------+-------+-------+-------+-------+
   box | 12.84 | 21.64 | 20.23 | 18.52 | 16.79 | 14.97 | 13.05 | 10.85 |  8.02 |  3.87 |  0.43 |
  mask | 11.60 | 17.37 | 16.53 | 15.76 | 14.96 | 13.91 | 12.51 | 10.50 |  8.26 |  4.97 |  1.20 |
-------+-------+-------+-------+-------+-------+-------+-------+-------+-------+-------+-------+

Car mAP:

       |  all  |  .50  |  .55  |  .60  |  .65  |  .70  |  .75  |  .80  |  .85  |  .90  |  .95  |
-------+-------+-------+-------+-------+-------+-------+-------+-------+-------+-------+-------+
   box | 29.60 | 51.87 | 47.73 | 43.00 | 38.25 | 33.57 | 29.27 | 24.33 | 18.01 |  8.89 |  1.03 |
  mask | 24.79 | 38.57 | 36.62 | 34.46 | 32.22 | 29.65 | 26.69 | 22.71 | 16.98 |  8.59 |  1.43 |
-------+-------+-------+-------+-------+-------+-------+-------+-------+-------+-------+-------+

Pedestrian mAP:

       |  all  |  .50  |  .55  |  .60  |  .65  |  .70  |  .75  |  .80  |  .85  |  .90  |  .95  |
-------+-------+-------+-------+-------+-------+-------+-------+-------+-------+-------+-------+
   box |  2.55 |  7.84 |  6.10 |  4.36 |  2.98 |  1.99 |  1.39 |  0.61 |  0.17 |  0.08 |  0.01 |
  mask |  0.83 |  1.88 |  1.58 |  1.37 |  1.20 |  1.09 |  1.02 |  0.08 |  0.08 |  0.00 |  0.00 |
-------+-------+-------+-------+-------+-------+-------+-------+-------+-------+-------+-------+

Truck mAP:

       |  all  |  .50  |  .55  |  .60  |  .65  |  .70  |  .75  |  .80  |  .85  |  .90  |  .95  |
-------+-------+-------+-------+-------+-------+-------+-------+-------+-------+-------+-------+
   box |  6.95 | 12.77 | 12.35 | 11.47 | 10.26 |  8.41 |  6.08 |  4.24 |  2.40 |  1.27 |  0.25 |
  mask |  6.25 | 11.22 | 10.52 |  9.97 |  9.28 |  7.70 |  6.19 |  4.22 |  2.49 |  0.79 |  0.12 |
-------+-------+-------+-------+-------+-------+-------+-------+-------+-------+-------+-------+

Bus mAP:

       |  all  |  .50  |  .55  |  .60  |  .65  |  .70  |  .75  |  .80  |  .85  |  .90  |  .95  |
-------+-------+-------+-------+-------+-------+-------+-------+-------+-------+-------+-------+
   box | 25.09 | 35.71 | 34.94 | 33.79 | 32.44 | 30.87 | 28.54 | 25.09 | 19.54 |  9.12 |  0.86 |
  mask | 26.11 | 35.18 | 33.96 | 33.01 | 32.11 | 31.11 | 28.65 | 25.47 | 21.74 | 15.46 |  4.43 |
-------+-------+-------+-------+-------+-------+-------+-------+-------+-------+-------+-------+

Rider mAP:

       |  all  |  .50  |  .55  |  .60  |  .65  |  .70  |  .75  |  .80  |  .85  |  .90  |  .95  |
-------+-------+-------+-------+-------+-------+-------+-------+-------+-------+-------+-------+
   box |  0.00 |  0.00 |  0.00 |  0.00 |  0.00 |  0.00 |  0.00 |  0.00 |  0.00 |  0.00 |  0.00 |
  mask |  0.00 |  0.00 |  0.00 |  0.00 |  0.00 |  0.00 |  0.00 |  0.00 |  0.00 |  0.00 |  0.00 |
-------+-------+-------+-------+-------+-------+-------+-------+-------+-------+-------+-------+

